19.50000     3640      6.39643   3.3   3.9
15.50000     3620      6.39610   3.3   0.8
12.50000     3620      6.39620   3.6   0.5
11.50000     3660      6.39618   4.2  -1.2
11.00000     3600      6.39609   4.1   1.0
10.50000     3660      6.39643   4.4  -1.4
10.40000     3680      6.39606   4.6  -1.0
10.30000     3700      6.39607   4.5   1.1
10.20000     3740      6.39599   4.5  -1.2
10.10000     3760      6.39597   4.4  -0.6
10.00000     3820      6.39755   4.2  19.1
 9.90000     3820      6.39755   4.1  22.0
 9.80000     3800      6.39750   3.9  24.5
 9.70000     3780      6.39779   3.5  26.2
 9.60000     3780      6.39748   3.2  24.1
 9.50000     3740      6.39727   3.2  26.7
 8.50000     3800      6.39767   4.8  22.2
