 8.6000   9999   6.1398     0    20
 9.0000   9999   6.1398     0    17
 9.4000   9999   6.1399    -2    15
 9.8000   9999   6.1398    -1    17
10.2000   9999   6.1410     0    -5
10.6000   9999   6.1413     0    -8
11.0000   9999   6.1412     0    -7
11.4000   9999   6.1413     0    -8
11.8000   9999   6.1414     0    -9
12.2000   9999   6.1412     0    -8
12.6000   9999   6.1414     0    -9
13.0000   9999   6.1412     0    -7
13.4000   9999   6.1413     0    -7
13.8000   9999   6.1413     0    -6
14.2000   9999   6.1414     0    -7
14.6000   9999   6.1414    -1    -7
15.0000   9999   6.1414     0    -6
15.4000   9999   6.1413     0    -7
15.8000   9999   6.1414     0    -6
16.2000   9999   6.1415    -1    -6
16.6000   9999   6.1414     0    -6
17.0000   9999   6.1413     0    -4
17.4000   9999   6.1414     0    -6
17.8000   9999   6.1415     0    -5
18.2000   9999   6.1415     0    -6
18.6000   9999   6.1414     0    -5
19.0000   9999   6.1413     0    -5
19.4000   9999   6.1415     0    -6
19.8000   9999   6.1413     0    -4
