 8.6000  1400 6.3177     0    16
 9.0000  1380 6.3171     0    14
 9.4000  1340 6.3170    -1    12
 9.8000  1340 6.3165     0    12
10.2000  1300 6.3138     0    -9
10.6000  1240 6.3137     0    -8
11.0000  1200 6.3141     0   -10
11.4000  1220 6.3138     0   -11
11.8000  1180 6.3144     0   -10
12.2000  1180 6.3135     0    -9
12.6000  1140 6.3140     0   -10
13.0000  1160 6.3132     0   -10
13.4000  1160 6.3139     0   -11
13.8000  1120 6.3137     0   -11
14.2000  1120 6.3129     0   -13
14.6000  1120 6.3132     0   -11
15.0000  1140 6.3126     0   -13
15.4000  1100 6.3130     0   -10
15.8000  1080 6.3131     0   -12
16.2000  1080 6.3132     0   -11
16.6000  1100 6.3128     0   -13
17.0000  1080 6.3135     0   -12
17.4000  1100 6.3131     0   -13
17.8000  1060 6.3126     0   -13
18.2000  1120 6.3126     0   -13
18.6000  1080 6.3132     0   -10
19.0000  1100 6.3130     0   -12
19.4000  1080 6.3133     0   -11
19.8000  1120 6.3131     1   -13
