 8.6000  1500 6.3160    -1    24
 9.0000  1440 6.3165    -2    26
 9.4000  1400 6.3161    -2    24
 9.8000  1400 6.3165    -1    26
10.2000  1360 6.3135     0     4
10.6000  1320 6.3131     0     1
11.0000  1280 6.3131     0     3
11.4000  1320 6.3132     0     3
11.8000  1320 6.3131     0     4
12.2000  1320 6.3130     0     1
12.6000  1260 6.3129     0     1
13.0000  1280 6.3129     0     3
13.4000  1300 6.3126     0     0
13.8000  1260 6.3127     0     4
14.2000  1260 6.3124     0     0
14.6000  1260 6.3128     0     2
15.0000  1300 6.3123     0     2
15.4000  1240 6.3125     0     2
15.8000  1260 6.3126     0     1
16.2000  1260 6.3124     0    -1
16.6000  1260 6.3126     0     4
17.0000  1240 6.3129     0     3
17.4000  1260 6.3125     0     2
17.8000  1240 6.3125     0     1
18.2000  1260 6.3123     0     3
18.6000  1280 6.3121     0     2
19.0000  1280 6.3121     0     2
19.4000  1240 6.3122     0     4
19.8000  1280 6.3122     1     2
