 8.5000  4820 6.8043     5    -2
 8.8000  4800 6.8043     5    -3
 9.1000  4800 6.8042     5    -4
 9.4000  4740 6.8041     5    -5
 9.7000  4700 6.8040     5    -5
10.0000  4700 6.8039     5   -17
10.3000  4720 6.8038     6   -17
10.6000  4700 6.8036     6   -17
10.9000  4700 6.8035     6   -18
11.2000  4680 6.8035     6   -18
11.5000  4680 6.8034     6   -17
11.8000  4740 6.8032     6   -19
12.1000  4720 6.8032     6   -17
12.4000  4700 6.8031     6   -17
12.7000  4660 6.8031     6   -17
13.0000  4640 6.8030     6   -16
13.3000  4680 6.8029     6   -19
13.6000  4720 6.8029     6   -16
13.9000  4680 6.8029     6   -15
14.2000  4700 6.8029     6   -18
14.5000  4640 6.8029     5   -16
14.8000  4660 6.8028     5   -17
15.1000  4700 6.8028     5   -16
15.4000  4720 6.8027     6   -16
15.7000  4720 6.8028     6   -16
16.0000  4700 6.8028     6   -16
16.3000  4660 6.8028     6   -15
16.6000  4680 6.8028     5   -16
16.9000  4740 6.8027     5   -16
17.2000  4740 6.8028     6   -16
17.5000  4740 6.8028     6   -15
17.8000  4720 6.8028     6   -15
18.1000  4720 6.8029     6   -15
18.4000  4760 6.8029     5   -16
18.7000  4780 6.8029     5   -15
19.0000  4780 6.8029     6   -15
19.3000  4760 6.8029     6   -15
19.6000  4740 6.8029     6   -15
19.9000  4760 6.8030     6   -14
