 8.5000   460 7.5125     2     9
 8.8000   400 7.5127     2     8
 9.1000   420 7.5128     2     7
 9.4000   440 7.5131     1     4
 9.7000   400 7.5131     2     5
10.0000   360 7.5138     2    -6
10.3000   320 7.5139     2    -8
10.6000   280 7.5139     3    -8
10.9000   300 7.5140     3    -8
11.2000   300 7.5141     2   -10
11.5000   280 7.5140     3    -9
11.8000   280 7.5141     3   -10
12.1000   260 7.5141     3   -11
12.4000   280 7.5141     3   -10
12.7000   300 7.5141     3   -10
13.0000   300 7.5141     3   -10
13.3000   320 7.5142     3   -11
13.6000   300 7.5143     3   -10
13.9000   280 7.5143     3   -11
14.2000   300 7.5143     3   -11
14.5000   320 7.5145     3   -11
14.8000   360 7.5146     3   -12
15.1000   340 7.5146     3   -12
15.4000   300 7.5146     3   -11
15.7000   280 7.5145     3   -11
16.0000   320 7.5146     3   -11
16.3000   340 7.5146     3   -11
16.6000   360 7.5146     3   -12
16.9000   340 7.5146     3   -12
17.2000   320 7.5147     3   -13
17.5000   300 7.5146     3   -11
17.8000   340 7.5146     3   -11
18.1000   380 7.5147     3   -13
18.4000   380 7.5145     4   -11
18.7000   360 7.5145     4   -12
19.0000   360 7.5146     4   -13
19.3000   380 7.5147     4   -14
19.6000   360 7.5146     4   -11
19.9000   380 7.5146     4   -12
