216837 232.319482422 232309
85629 219.561181641 212403
66057 203.769156901 206238
47760 182.944664714 185780
31765 156.844290365 164150
22330 127.190530599 150160
16092 99.2869856771 140482
13151 74.8987076823 31809
11330 56.4888248698 50702
9169 42.3364420573 48602
6898 31.6466048177 47453
4297 23.4723209635 47485
2953 15.9241666667 51949
568 9.57856770833 66111
0 4.91524414063 139600
0 2.04489583333 307179
0 0.778984375 307199
0 0.0187923177083 307200
0 0.0 307200
0 0.0 307200
0 0.0 307200
0 0.0 307200
0 0.0 307200
0 0.0 307200
0 0.0 307200

