0.023 0.0
0.069085 -0.0100000000002
0.115835 0.0100000000002
0.16283 0.0100000000002
0.20943 -0.0200000000004
0.256255 0.0100000000002
0.306765 0.0
0.35359 -0.0200000000004
0.39688 0.0300000000007
0.443755 -0.0200000000004
0.490755 0.0100000000002
0.537605 0.0
0.584575 -0.0100000000002
0.631765 0.0100000000002
0.67839 0.0
0.724775 -0.0100000000002
0.77165 0.0100000000002
0.818575 0.0
0.87334 0.0
0.92805 0.0
0.974845 0.0
1.02204 0.0
1.069065 0.0
1.12344 0.0
1.178825 0.0100000000002
1.225765 -0.0100000000002
1.272615 -0.0100000000002
1.319585 0.0200000000004
1.365835 -0.0100000000002
1.41251 0.0
1.45926 0.0
1.50641 -0.0100000000002
1.55343 0.0
1.60013 0.0200000000004
1.647105 -0.0200000000004
1.69416 0.0
1.740865 0.0
1.78754 0.0100000000002
1.83479 -0.0200000000004
1.88179 0.0100000000002
1.92809 0.0100000000002
1.97476 -0.0100000000002
2.02193 0.0100000000002
2.068955 0.0
2.115855 0.0
2.16255 -0.0100000000002
2.209205 0.0
2.25614 0.0100000000002
2.303185 0.0100000000002
2.349975 -0.0100000000002
2.39665 0.0
2.443625 0.0100000000002
2.49102 -0.0200000000004
2.53792 0.0200000000004
2.584495 -0.0100000000002
2.63157 0.0
2.678315 0.0
2.724915 -0.0100000000002
2.77185 0.0200000000004
2.818975 0.0
2.86652 -0.0100000000002
2.913465 0.0
2.959565 0.0
3.00638 0.0
3.053325 0.0
3.100135 -0.0100000000002
3.147015 0.0100000000002
3.194115 0.0
3.240865 0.0
3.299065 -0.0100000000002
3.353825 0.0100000000002
3.39701 0.0
3.443955 0.0100000000002
3.49874 -0.0100000000002
3.557075 0.0
3.603855 0.0
3.64696 -0.0100000000002
3.69384 0.0100000000002
3.740765 0.0100000000002
3.787655 -0.0200000000004
3.834575 0.0100000000002
3.8812 0.0100000000002
3.92818 -0.0200000000004
3.97538 0.0
4.022265 0.0
4.068765 0.0
4.115575 0.0100000000002
4.162545 0.0100000000002
4.20957 -0.0200000000004
4.25652 0.0100000000002
4.30307 0.0100000000002
4.349795 -0.0200000000004
4.39697 0.0
4.443945 0.0100000000002
4.49084 0.0
4.537665 0.0
4.58437 -0.0100000000002
4.63132 0.0100000000002
4.678195 0.0
4.724945 0.0
4.77184 -0.0100000000002
4.81874 0.0100000000002
4.86541 0.0
4.91276 0.0
4.96216 0.0
5.008585 0.0
5.05319 0.0
5.10006 0.0
5.14681 0.0
5.19386 -0.0100000000002
5.24076 0.0
5.28761 0.0100000000002
5.33436 0.0
5.38131 -0.0100000000002
5.428155 0.0100000000002
5.476475 0.0
5.52373 0.0
5.569485 0.0
5.61603 0.0
5.662405 0.0
5.710055 -0.0100000000002
5.756855 0.0100000000002
5.80308 0.0
5.851425 0.0
5.898525 -0.0100000000002
5.9441 0.0
5.990805 0.0100000000002
6.037655 0.0
6.084545 0.0
6.131495 0.0
6.17897 0.0
6.22577 0.0
6.275985 0.0
6.32273 0.0
6.365815 0.0
6.412865 0.0
6.459865 -0.0100000000002
6.506765 0.0100000000002
6.553265 0.0
6.60773 0.0
6.662465 -0.0100000000002
6.70974 0.0
6.756515 0.0100000000002
6.80304 0.0
6.851265 -0.0100000000002
6.898535 0.0100000000002
6.94409 0.0
6.99084 0.0100000000002
7.038085 -0.0100000000002
7.08571 0.0
7.13211 0.0
7.17856 0.0
7.22556 0.0
7.27413 0.0
7.321095 0.0
7.365745 0.0100000000002
7.41245 -0.0100000000002
7.45923 0.0
7.513895 -0.0100000000002
7.56878 0.0100000000002
7.615755 0.0
7.662455 0.0
7.709725 0.0
7.7567 0.0
7.80317 -0.0100000000002
7.85149 0.0100000000002
7.899875 0.0100000000002
7.9453 -0.0200000000004
7.990845 0.0100000000002
8.037845 0.0
8.084395 -0.0200000000004
8.13114 0.0200000000004
8.178715 -0.0100000000002
8.225645 0.0100000000002
8.272715 0.0
8.319665 -0.0100000000002
8.365665 0.0100000000002
8.41236 0.0100000000002
8.45931 -0.0200000000004
8.50626 0.0200000000004
8.55336 -0.0100000000002
8.60036 0.0
8.64711 0.0100000000002
8.693715 -0.0100000000002
8.74049 0.0
8.78765 0.0100000000002
8.83497 0.0
8.88178 -0.0100000000002
8.928285 0.0
8.97888 0.0
9.02575 -0.0100000000002
9.06873 0.0200000000004
9.115745 -0.0200000000004
9.162715 0.0
9.2095 0.0100000000002
9.27597 0.0
9.349975 -0.0100000000002
9.400845 0.0100000000002
9.4438 -0.0100000000002
9.49062 0.0100000000002
9.53755 0.0
9.584325 -0.0100000000002
9.631095 0.0100000000002
9.67789 0.0
9.72489 0.25
9.77183 3.98
9.818685 9.32
9.86562 12.09
9.912865 17.02
9.963315 22.62
10.010015 22.96
10.053345 23.5
10.100155 23.78
10.147005 23.29
10.19773 22.73
10.24453 24.53
10.28759 22.8
10.33461 23.26
10.381285 23.6
10.43407 33.05
10.48876 21.55
10.53754 23.66
10.584485 23.16
10.63483 23.23
10.68163 23.54
10.72479 23.34
10.771815 27.26
10.81892 21.22
10.865705 22.19
10.91254 22.92
10.959365 20.93
11.00594 16.57
11.05297 12.28
11.09987 7.61
11.146535 3.35
11.19362 0.190000000001
11.24051 0.0
11.2876 0.0099999999984
11.33452 -0.0199999999986
11.381025 -0.66
11.431825 -3.37
11.48039 -6.17
11.523345 -9.34
11.568925 -11.44
11.6157 -17.16
11.662395 -14.73
11.70967 -20.18
11.756545 -22.71
11.803295 -23.94
11.851495 -23.3
11.89824 -23.73
11.943685 -23.25
11.99056 -23.29
12.037385 -23.57
12.084185 -23.32
12.130985 -23.28
12.17843 -23.56
12.22915 -23.63
12.27945 -26.62
12.322735 -20.06
12.36574 -23.31
12.412435 -23.57
12.459435 -23.8
12.506535 -23.19
12.55341 -23.17
12.599885 -23.49
12.64673 -23.49
12.69393 -23.53
12.74056 -23.39
12.787285 -26.92
12.83419 -20.8
12.881215 -30.54
12.935995 -23.44
12.99055 -23.36
13.037375 -23.11
13.084275 -23.74
13.131145 -23.03
13.17847 -23.68
13.22537 -23.5
13.272625 -23.41
13.31963 -23.14
13.365675 -23.42
13.412395 -23.47
13.459215 -23.67
13.506265 -23.53
13.553245 -23.28
13.599995 -23.19
13.646975 -23.64
13.693955 -23.55
13.740675 -23.62
13.78759 -21.48
13.83472 -18.53
13.881325 -15.55
13.927915 -13.34
13.97484 -12.2
14.021715 -6.14
14.068685 -5.12
14.11591 -2.42
14.162905 -0.230000000001
14.20937 0.0100000000002
14.256195 -0.0100000000002
14.30301 0.0
14.349935 0.0
14.397005 -0.0100000000002
14.443705 0.0
14.49839 0.0
14.553125 0.0
14.604665 0.0
14.659495 0.0
14.71349 0.0
14.760225 -0.0099999999984
14.803255 0.0099999999984
14.851745 0.0
14.89849 0.0100000000002
14.943625 -0.0199999999986
14.99135 0.0099999999984
15.03825 0.0100000000002
15.084325 -0.0100000000002
15.131245 -0.0099999999984
15.17854 0.0099999999984
15.225765 0.0
15.275915 0.0
15.32239 0.0
15.365425 0.0
15.4125 -0.0099999999984
15.459565 0.0099999999984
15.50656 0.0
15.55316 0.0100000000002
15.59999 -0.0100000000002
15.64702 0.0
15.693595 -0.0199999999986
15.740315 1.25
15.787215 3.98
15.834285 6.69
15.881105 9.92
15.928235 12.04
15.975085 15.33
16.02171 17.88
16.068735 20.57
16.115705 23.2
16.16278 23.07
16.209455 23.89
16.25608 23.3
16.302905 28.0
16.35001 18.96
16.397135 23.38
16.44393 24.36
16.490605 22.64
16.5376 23.62
16.58457 22.97
16.63107 23.64
16.677775 23.33
16.72487 23.31
16.7757 23.53
16.82241 24.88
16.869155 21.95
16.91615 23.44
16.96304 23.32
17.00976 23.25
17.052815 23.88
17.09982 23.15
17.150615 23.99
17.19759 22.73
17.240545 24.21
17.2875 26.71
17.33447 19.54
17.381135 27.11
17.42819 23.47
17.481085 27.81
17.535545 23.61
17.58411 22.81
17.63101 23.56
17.678015 23.54
17.72509 23.0
17.771905 23.74
17.81853 25.06
17.86636 21.84
17.91479 23.27
17.96089 23.22
18.006215 23.88
18.053165 23.53
18.1002 22.95
18.146995 21.75
18.193675 17.6
18.240255 19.97
18.298265 11.54
18.353525 9.29
18.397075 6.32
18.443675 3.73
18.490605 0.82
18.53733 0.0
18.58416 0.0100000000002
18.631115 -0.0100000000002
18.67819 0.0
18.725045 0.0
18.771815 0.0100000000002
18.818695 0.0
18.873375 0.0
18.93167 -0.0100000000002
18.978695 0.0
19.02191 0.0100000000002
19.068565 0.0
19.11567 0.0
19.16266 -0.0100000000002
19.209465 0.0100000000002
19.256365 0.0099999999984
19.303255 -0.0099999999984
19.349935 0.0
19.39687 0.0099999999984
19.443915 0.0
19.490785 0.0
19.54113 -0.0099999999984
19.594245 0.0
19.645565 0.0
19.693965 0.0199999999986
19.74051 -0.0100000000002
19.787245 0.0
19.834335 0.0
19.88108 -0.779999999999
19.92784 -3.46
19.97478 -6.3
20.021755 -9.45
20.06857 -11.55
20.11566 -14.85
20.162865 -17.35
20.2094 -20.12
20.256125 -23.13
20.303055 -23.38
20.349955 -23.77
20.39695 -26.74
20.443875 -21.7
20.490745 -22.0
20.53737 -23.48
20.58412 -22.85
20.63132 -23.64
20.682365 -24.1
20.72889 -22.9
20.77163 -23.4
20.81854 -24.58
20.86543 -22.17
20.91249 -23.57
20.95964 -23.67
21.00674 -23.19
21.057535 -23.57
21.104185 -23.11
21.14681 -23.99
21.19374 -27.03
21.24099 -27.64
21.299165 -22.88
21.353575 -23.3
21.396955 -23.74
21.443695 -25.31
21.490565 -21.89
21.537605 -23.02
21.58423 -23.12
21.631075 -23.52
21.67825 -24.14
21.72522 -23.09
21.772 -29.25
21.82684 -25.37
21.88133 -23.44
21.92798 -23.46
21.974875 -23.33
22.02177 -23.17
22.06886 -23.37
22.115815 -23.95
22.1625 -23.54
22.21297 -23.19
22.26009 -23.01
22.30332 -20.47
22.35017 -17.51
22.39692 -14.94
22.44377 -12.69
22.49062 -9.03
22.537345 -6.71
22.584145 -3.97
22.631195 -1.45
22.678345 0.0100000000002
22.725185 -0.0100000000002
22.772005 0.0
22.81869 0.0
22.8665 0.0
22.9148 0.0
22.96069 0.0
23.00606 0.0100000000002
23.052845 -0.0100000000002
23.099775 0.0
23.14661 0.0
23.19362 -0.0099999999984
23.240515 0.0
23.28728 0.0
23.334185 0.0
23.38123 0.0099999999984
23.42812 0.17
23.47666 2.66
23.52362 6.32
23.56883 6.84
23.615575 11.08
23.6624 13.78
23.709555 16.31
23.756505 18.79
23.80323 22.09
23.8513 24.17
23.8983 22.87
23.9437 23.53
23.990275 23.41
24.041065 23.35
24.08801 23.76
24.13102 23.32
24.1784 23.47
24.22547 23.42
24.275675 26.61
24.322625 19.99
24.365585 23.65
24.416005 23.43
24.46288 23.41
24.506265 23.52
24.55319 22.96
24.599825 23.49
24.646925 23.68
24.69381 23.54
24.74041 23.23
24.787435 23.27
24.83424 23.23
24.88079 23.65
24.92781 23.66
24.974785 23.43
25.0218 23.51
25.06867 23.2
25.115605 23.7
25.16253 23.3
25.20932 23.32
25.256345 23.37
25.30298 23.56
25.349695 23.26
25.39684 29.69
25.45144 25.12
25.50587 23.29
25.552965 23.27
25.6 23.52
25.646825 23.82
25.69355 23.23
25.74025 23.6
25.787345 35.83
25.85359 23.6
25.91586 17.56
25.959265 19.98
26.01421 10.58
26.06867 9.05
26.11564 5.96
26.16271 3.2
26.209185 0.690000000001
26.25608 0.0100000000002
26.30295 -0.0100000000002
26.349575 0.0
26.396655 0.0
26.443535 0.0200000000004
26.490345 -0.0200000000004
26.537415 0.0
26.584205 0.0200000000004
26.630905 -0.0100000000002
26.67779 0.0
26.724695 0.0100000000002
26.771635 -0.0100000000002
26.81859 0.0100000000002
26.86561 0.0099999999984
26.91284 -0.0099999999984
26.959515 -0.0100000000002
27.00613 0.0
27.053305 0.0199999999986
27.100225 -0.0199999999986
27.14704 0.0100000000002
27.19369 0.0099999999984
27.240265 -0.0199999999986
27.29155 -0.74
27.338465 -3.52
27.381055 -6.26
27.42805 -9.45
27.47664 -11.66
27.52364 -14.6
27.569 -17.5
27.615635 -23.68
27.66221 -19.2
27.70965 -23.62
27.7564 -23.88
27.802705 -23.35
27.851175 -23.75
27.89814 -23.2
27.94357 -23.06
27.994085 -23.52
28.040985 -23.59
28.084095 -23.77
28.13101 -23.11
28.17858 -23.5
28.22542 -23.4
28.27232 -23.23
28.319215 -23.46
28.365535 -23.7
28.41223 -23.44
28.459055 -23.48
28.505925 -23.12
28.552905 -23.48
28.599955 -23.35
28.64713 -23.67
28.69388 -23.63
28.74388 -23.26
28.79082 -23.26
28.837805 -23.15
28.884765 -23.68
28.927875 -23.81
28.974975 -23.16
29.02215 -23.24
29.068575 -23.32
29.11551 -23.55
29.16259 -23.74
29.209305 -23.19
29.255975 -23.57
29.302775 -23.07
29.34982 -23.6
29.39667 -23.55
29.44709 -25.15
29.494115 -21.83
29.53737 -23.37
29.58417 -23.32
29.63107 -23.51
29.67788 -22.63
29.724705 -18.92
29.771715 -16.59
29.818815 -15.0
29.865715 -10.56
29.912465 -9.82
29.959315 -4.86
30.00637 -2.97
30.05322 -0.719999999999
30.099805 0.0099999999984
30.146755 0.0200000000004
30.193605 -0.0100000000002
30.24024 0.0
30.29178 -0.0199999999986
30.33877 0.0099999999984
30.38094 0.0
30.427785 0.0
30.47673 0.0
30.52358 -0.0099999999984
30.56885 0.0
30.615745 0.0199999999986
30.662205 -0.0100000000002
30.70941 0.0
30.75636 0.0
30.803035 0.0
30.851475 0.0
30.898175 -0.0099999999984
30.943575 -0.0100000000002
30.99043 1.38
31.037105 4.07
31.083955 6.95
31.130855 9.83
31.17837 12.27
31.22526 15.2
31.272535 18.14
31.319575 20.74
31.365375 23.15
31.412095 23.61
31.459095 23.35
31.50627 23.58
31.552995 23.35
31.5998 23.32
31.646945 27.15
31.69358 19.54
31.740355 23.8
31.78761 23.44
31.834585 23.37
31.881035 23.22
31.927935 23.4
31.97488 23.66
32.021535 23.35
32.06861 23.52
32.115565 23.43
32.162215 23.28
32.209085 23.23
32.255915 23.46
32.304655 23.59
32.35161 23.54
32.39651 23.38
32.44346 24.35
32.49044 22.2
32.537235 23.93
32.58421 23.37
32.631305 23.54
32.678025 23.57
32.72462 22.81
32.77162 23.36
32.81872 25.12
32.86627 22.28
32.91442 23.1
32.960625 23.46
33.009765 23.37
33.056735 23.33
33.100045 23.63
33.14684 23.84
33.19364 23.04
33.24054 27.21
33.29133 19.57
33.33819 23.19
33.3814 21.8
33.42809 19.3
33.476625 15.81
33.527265 13.85
33.57248 10.73
33.61556 8.12
33.66203 5.31
33.70931 2.51
33.76014 0.33
33.806745 -0.0100000000002
33.851195 0.0
33.898045 0.0200000000004
33.94344 -0.0100000000002
33.99048 0.0
34.03745 0.0100000000002
34.084255 0.0
34.131115 0.0
34.178405 0.0
34.225345 0.0
34.272495 0.0099999999984
34.3195 0.0
34.365605 0.0
34.412425 -0.0099999999984
34.45928 -0.77
34.506025 -3.46
34.55294 -6.34
34.599945 -9.41
34.646745 -11.71
34.693545 -14.66
34.740495 -17.38
34.787245 -20.21
34.834145 -22.64
34.881245 -27.99
34.928295 -19.68
34.97555 -23.5
35.022685 -23.3
35.069 -23.42
35.115585 -23.32
35.162605 -23.29
35.20946 -23.66
35.256245 -27.25
35.30297 -19.66
35.34968 -23.29
35.39647 -23.64
35.44353 -24.77
35.496505 -29.61
35.551085 -23.6
35.59985 -23.16
35.647005 -23.41
35.69368 -23.67
35.74018 -23.54
35.787105 -23.33
35.834165 -23.46
35.88099 -26.93
35.92795 -19.85
35.97487 -23.68
36.02158 -23.35
36.06858 -23.25
36.11585 -23.43
36.162625 -23.44
36.20907 -23.37
36.255745 -27.75
36.306085 -19.25
36.35301 -23.23
36.396365 -23.57
36.443465 -24.7
36.490515 -22.14
36.537195 -23.65
36.583995 -23.08
36.630965 -23.46
36.677965 -27.62
36.72476 -19.17
36.77141 -23.47
36.818285 -25.17
36.86521 -20.16
36.912265 -18.12
36.959295 -15.49
37.006215 -13.31
37.052985 -10.49
37.09986 -7.56
37.14673 -5.11
37.19348 -2.2
37.240205 -0.17
37.28725 -0.0100000000002
37.33435 -0.0100000000002
37.384705 0.0100000000002
37.431515 0.0
37.480415 0.0
37.53517 0.0
37.584355 0.0200000000004
37.631275 -0.0100000000002
37.678025 -0.0200000000004
37.72493 0.0
37.778145 0.0100000000002
37.833145 -0.0100000000002
37.881535 0.0
37.927995 0.0
37.974845 -0.0099999999984
38.02175 0.0099999999984
38.068545 0.0100000000002
38.11564 -0.0199999999986
38.162875 1.44
38.20963 4.23
38.256265 6.86
38.306575 10.15
38.35335 14.57
38.39673 13.02
38.443445 19.64
38.49012 22.94
38.537115 19.68
38.58427 23.5
38.631095 23.47
38.677895 23.73
38.724945 23.33
38.7719 23.21
38.818525 24.9
38.86524 22.16
38.91234 23.55
38.95926 23.22
39.005985 23.5
39.052935 23.27
39.099985 23.32
39.14687 23.97
39.19375 26.79
39.240585 23.51
39.29135 19.44
39.338255 23.48
39.38123 23.2
39.42808 23.68
39.476625 23.78
39.52342 23.06
39.568595 23.47
39.6156 23.45
39.66235 23.43
39.70945 23.25
39.75643 23.59
39.8028 23.52
39.85127 23.24
39.898215 23.32
39.943465 23.37
39.991315 23.66
40.03829 23.44
40.084465 23.76
40.131815 23.07
40.179115 23.15
40.22559 23.62
40.272385 23.56
40.32275 23.37
40.369205 30.91
40.42397 23.78
40.480275 23.67
40.5233 22.79
40.568655 20.52
40.615755 18.35
40.66243 15.12
40.70948 12.52
40.7566 9.9
40.80325 7.05
40.85146 4.2
40.89826 1.62
40.94353 0.0100000000002
40.990505 0.0200000000004
41.04092 0.0
41.08767 0.0
41.138665 0.0
41.19339 0.0
41.24048 0.0
41.287495 0.0099999999984
41.334245 0.0
41.380965 -0.0099999999984
41.427905 0.0
41.476485 0.0099999999984
41.523225 0.0100000000002
41.56842 -0.0199999999986
41.61552 -0.460000000001
41.6624 -3.08
41.709475 -7.19
41.756345 -7.8
41.80281 -11.45
41.851205 -14.06
41.89834 -17.13
41.943495 -19.8
41.990295 -22.45
42.03718 -23.78
42.084005 -23.66
42.13108 -23.27
42.17845 -23.76
42.22516 -23.38
42.27548 -26.33
42.32268 -20.29
42.365515 -23.11
42.412065 -23.49
42.459115 -23.75
42.50606 -23.33
42.552955 -23.41
42.60001 -23.42
42.646665 -23.19
42.69339 -27.52
42.740635 -19.96
42.78741 -23.28
42.833905 -24.32
42.88103 -23.54
42.92794 -22.15
42.97484 -23.4
43.02193 -23.64
43.07248 -23.3
43.119305 -23.48
43.16242 -23.23
43.209095 -25.41
43.255845 -21.69
43.302945 -23.38
43.34977 -23.21
43.396615 -23.34
43.443615 -25.2
43.49037 -21.88
43.53707 -23.86
43.583815 -23.32
43.63067 -23.17
43.677695 -23.79
43.72479 -22.81
43.77154 -23.5
43.818615 -25.27
43.86546 -21.98
43.91196 -23.38
43.958915 -23.34
44.005995 -22.55
44.05292 -19.71
44.103485 -17.16
44.15031 -14.68
44.19336 -11.33
44.240395 -9.38
44.28727 -6.06
44.33738 -3.54
44.384285 -0.950000000001
44.42799 -0.0100000000002
44.476555 0.0
44.5232 0.0
44.56865 0.0
44.615475 0.0100000000002
44.662255 0.0
44.70953 -0.0100000000002
44.75618 0.0100000000002
44.802865 -0.0100000000002
44.851185 0.0
44.8979 0.0
44.943375 0.0
44.99129 0.0100000000002
45.038335 -0.0200000000004
45.08437 0.0100000000002
45.13132 0.0100000000002
45.17867 -0.0100000000002
45.22545 0.0
45.27577 0.0
45.3303 -0.0100000000002
45.381065 0.0
45.42824 0.0
45.47664 0.290000000001
45.523295 2.78
45.572435 6.67
45.619335 7.22
45.662415 11.17
45.715405 19.07
45.77012 17.64
45.81854 21.53
45.865285 21.73
45.912155 23.19
45.963 23.53
46.010105 23.56
46.052885 23.7
46.099685 23.07
46.14673 24.05
46.19355 22.71
46.24029 24.38
46.28726 22.83
46.3342 23.26
46.38105 23.54
46.428055 23.54
46.47658 23.34
46.52331 23.25
46.568715 23.6
46.61579 23.41
46.66254 23.17
46.709525 23.4
46.756295 23.46
46.80332 23.48
46.851575 23.37
46.898385 23.63
46.94395 23.36
46.99049 23.3
47.0373 23.4
47.084145 23.5
47.130865 27.11
47.178195 19.68
47.22524 23.42
47.276255 27.12
47.323085 19.54
47.365245 23.85
47.412115 23.45
47.45909 23.33
47.506015 23.57
47.55291 23.07
47.600015 23.26
47.64699 23.89
47.69349 23.28
47.740235 23.56
47.787255 23.33
47.83408 27.79
47.88098 18.52
47.927935 18.41
47.97468 16.76
48.0215 14.25
48.06833 10.98
48.115235 8.85
48.16236 5.61
48.212925 3.01
48.259595 0.540000000001
48.306285 0.0
48.35341 0.0100000000002
48.396955 0.0
48.44366 -0.0100000000002
48.490505 0.0199999999986
48.537255 0.0
48.584025 -0.0099999999984
48.631025 0.0
48.67804 0.0099999999984
48.72478 0.0
48.771525 0.0
48.8185 0.0100000000002
48.865405 -0.0699999999997
48.91236 -2.32
48.959645 -5.07
49.00704 -8.05
49.0535 -10.76
49.099685 -13.72
49.146475 -16.26
49.193685 -18.54
49.240605 -26.35
49.28736 -19.74
49.33423 -22.98
49.38088 -23.55
49.42764 -23.37
49.476445 -23.51
49.523375 -23.53
49.56849 -23.58
49.61544 -23.13
49.662415 -23.27
49.70959 -23.51
49.756165 -23.34
49.80283 -24.14
49.851255 -26.49
49.90187 -19.87
49.951065 -23.19
49.994745 -23.57
50.038075 -23.42
50.084295 -23.96
50.131625 -23.11
50.179095 -23.37
50.22516 -23.29
50.271965 -23.21
50.31919 -23.55
50.369165 -27.18
50.415765 -19.94
50.45914 -23.21
50.50619 -23.6
50.552915 -23.2
50.599565 -23.66
50.64675 -23.56
50.693775 -23.26
50.74034 -23.35
50.78729 -23.37
50.834175 -23.64
50.880825 -23.3
50.92774 -23.56
50.97484 -23.16
51.02189 -23.37
51.068595 -23.56
51.11542 -23.41
51.16247 -23.57
51.209215 -23.64
51.25603 -26.68
51.30633 -17.36
51.35332 -17.5
51.39677 -15.2
51.44352 -13.02
51.4905 -9.26
51.53746 -6.94
51.584315 -4.29
51.631065 -1.72
51.677925 0.0
51.72476 -0.0100000000002
51.77179 0.0100000000002
51.81865 0.0
51.865155 0.0
51.91224 0.0
51.95944 0.0
52.006085 -0.0100000000002
52.052645 0.0
52.099575 0.0100000000002
52.146535 0.0
52.19699 -0.0199999999986
52.244065 0.0099999999984
52.287595 -0.0099999999984
52.33441 0.0099999999984
52.38112 1.44
52.428025 3.4
52.47664 6.52
52.52346 9.63
52.56871 11.84
52.61559 15.0
52.662515 17.84
52.709785 20.34
52.756335 22.9
52.802715 23.54
52.85129 23.56
52.89832 23.52
52.943765 23.32
52.99068 23.3
53.037335 23.36
53.08416 23.44
53.131085 23.62
53.178285 23.6
53.22895 23.23
53.27602 23.35
53.319235 23.54
53.365515 23.34
53.41247 23.39
53.459245 23.72
53.505855 23.27
53.552735 23.49
53.599605 23.33
53.646495 23.07
53.6934 23.79
53.74033 23.47
53.787395 23.41
53.834425 23.29
53.88108 23.74
53.92774 32.56
53.982405 21.83
54.037265 23.41
54.08416 23.34
54.13074 23.28
54.180115 23.77
54.22697 23.38
54.275305 26.74
54.32257 20.01
54.365515 31.53
54.41998 23.34
54.476595 23.34
54.523495 23.34
54.568765 23.1
54.61569 23.95
54.66612 23.38
54.71312 23.21
54.75619 23.03
54.802985 20.31
54.8555 22.5
54.91006 13.87
54.959225 11.39
55.006255 8.26
55.05303 5.5
55.09968 2.87
55.146605 0.470000000001
55.193425 0.0199999999986
55.240335 -0.0099999999984
55.29067 0.0
55.337385 0.0
55.381 0.0
55.428055 0.0
55.48105 0.0199999999986
55.53558 -0.0100000000002
55.584125 0.0
55.63088 0.0
55.677805 0.0
55.72472 0.0
55.77159 0.0100000000002
55.81852 0.0
55.865195 -0.0199999999986
55.91205 0.0199999999986
55.958905 0.0
56.005925 -0.0100000000002
56.052865 0.0
56.09976 0.0
56.15033 0.0200000000004
56.19711 -0.0100000000002
56.24022 0.0
56.287465 0.0100000000002
56.33435 -0.32
56.38083 -2.84
56.42777 -5.63
56.47641 -8.72
56.523355 -11.01
56.568785 -14.09
56.615715 -16.79
56.66222 -19.7
56.70934 -22.08
56.75619 -23.5
56.80273 -23.74
56.851265 -23.07
56.898295 -23.78
56.94372 -23.53
56.990395 -26.81
57.037195 -19.72
57.084 -23.4
57.131025 -23.3
57.17862 -23.88
57.22537 -23.63
57.275515 -26.65
57.322295 -19.96
57.365275 -23.26
57.412075 -23.36
57.458975 -23.7
57.506 -23.66
57.55289 -23.12
57.60334 -23.35
57.65024 -26.83
57.69351 -19.99
57.74029 -23.57
57.78717 -23.45
57.83445 -24.3
57.88128 -24.04
57.9278 -21.88
57.97456 -23.21
58.021285 -23.57
58.06836 -23.4
58.11539 -23.36
58.162295 -23.51
58.209025 -23.67
58.2558 -23.06
58.306355 -23.72
58.35325 -23.35
58.39645 -23.45
58.443325 -24.91
58.49043 -21.83
58.53718 -23.5
58.58413 -33.16
58.63887 -21.6
58.693385 -23.35
58.74029 -22.25
58.787035 -18.75
58.8339 -16.67
58.880975 -13.74
58.9277 -11.19
58.97438 -8.28
59.02148 -5.76
59.06855 -2.88
59.115295 -0.52
59.161995 0.0
59.20899 0.0
59.25603 -0.0099999999984
59.302875 0.0
59.349545 0.0
59.39656 0.0099999999984
59.443585 0.0
59.49038 -0.0099999999984
59.53727 0.0099999999984
59.583975 -0.0199999999986
59.634675 0.0
59.681555 0.0199999999986
59.72448 0.0
59.771595 -0.0299999999988
59.818445 2.24
59.865195 4.54
59.91222 7.33
59.959195 11.05
60.014165 17.54
60.06877 16.61
60.115385 23.0
60.16206 18.98
60.208945 23.38
60.25959 33.14
60.314295 25.29
60.365265 19.73
60.412095 23.58
60.458975 23.12
60.505735 23.25
60.5526 23.63
60.603245 23.74
60.65035 23.31
60.693555 23.23
60.74021 23.49
60.78714 23.12
60.83406 23.79
60.880725 23.57
60.92752 23.47
60.978045 30.89
61.032935 23.64
61.08425 23.62
61.13102 23.15
61.178345 23.39
61.22523 23.28
61.27228 23.31
61.319095 23.81
61.365245 23.51
61.412095 23.2
61.45878 23.81
61.505825 22.93
61.55284 27.48
61.59972 19.64
61.646465 23.22
61.69311 23.61
61.74011 23.37
61.787215 23.24
61.83439 23.62
61.88115 23.46
61.927525 23.31
61.97444 23.49
62.021385 23.4
62.068255 23.28
62.11538 23.44
62.162175 23.56
62.20895 21.2
62.255975 18.38
62.30677 15.22
62.357265 13.24
62.40027 10.51
62.4436 7.66
62.490465 4.26
62.537015 1.97
62.5836 0.120000000001
62.63065 -0.0100000000002
62.6776 0.0199999999986
62.724655 -0.0199999999986
62.771805 0.0
62.818325 0.0
62.865695 0.0100000000002
62.91435 0.0
62.961005 0.0099999999984
63.00688 -0.0099999999984
63.05385 0.0099999999984
63.10014 0.0
63.146415 0.0
63.19322 -0.0099999999984
63.240245 0.0
63.29109 0.0
63.337915 0.0099999999984
63.380725 0.0100000000002
63.42758 -0.0100000000002
63.47768 -0.269999999999
63.524475 -2.73
63.56864 -5.52
63.61549 -8.45
63.66204 -10.94
63.70944 -16.53
63.75644 -14.34
63.802965 -19.4
63.850985 -22.22
63.89807 -23.64
63.943445 -23.64
63.990155 -23.3
64.046735 -34.76
64.10142 -19.77
64.1466 -23.75
64.19342 -22.99
64.240195 -24.39
64.28712 -23.02
64.334195 -23.12
64.38087 -23.18
64.42778 -27.07
64.47623 -19.74
64.52671 -23.64
64.57236 -23.48
64.615295 -23.54
64.661885 -23.35
64.70933 -23.26
64.75612 -23.59
64.80271 -23.54
64.85128 -23.45
64.89809 -23.33
64.943455 -23.17
64.990645 -23.38
65.0377 -23.52
65.084335 -25.63
65.130935 -21.62
65.17816 -23.2
65.22496 -23.39
65.272055 -23.12
65.31908 -23.68
65.36538 -23.53
65.41223 -23.37
65.45911 -23.38
65.50618 -23.33
65.556735 -23.33
65.603385 -27.5
65.6464 -19.78
65.69315 -23.51
65.74005 -23.19
65.78697 -27.03
65.833995 -19.85
65.880985 -21.96
65.92781 -19.59
65.974745 -16.28
66.021735 -13.93
66.06847 -11.3
66.11538 -8.44
66.16235 -5.78
66.209125 -3.0
66.2558 -0.59
66.30642 0.0
66.353475 0.0100000000002
66.396375 0.0
66.44319 -0.0100000000002
66.490345 0.0100000000002
66.53722 0.0
66.587685 -0.0100000000002
66.634575 0.0
66.681345 -0.0199999999986
66.72823 0.0100000000002
66.77143 0.189999999999
66.81821 2.86
66.86497 5.11
66.91184 8.02
66.958715 10.93
67.00579 13.95
67.05276 16.16
67.099415 19.03
67.14639 22.66
67.19338 23.27
67.24018 23.68
67.28711 23.02
67.333885 23.05
67.38062 23.68
67.427445 23.46
67.48015 31.34
67.53481 23.35
67.583625 23.38
67.63073 23.65
67.67781 23.73
67.72446 23.04
67.77119 23.18
67.81816 24.98
67.86623 25.9
67.9146 19.56
67.96419 23.41
68.009695 23.46
68.052725 23.47
68.09972 23.0
68.146545 24.41
68.19352 22.79
68.240495 23.96
68.28707 22.84
68.333865 23.26
68.380865 23.38
68.42802 23.7
68.47654 27.23
68.52301 19.74
68.568365 23.29
68.619185 26.88
68.66591 23.81
68.709165 19.56
68.755885 23.61
68.802465 23.67
68.851015 23.1
68.898035 23.14
68.943205 23.52
68.98995 23.54
69.036805 30.57
69.091745 24.02
69.146705 23.93
69.19333 21.21
69.240155 21.47
69.2911 12.66
69.33775 13.68
69.38068 10.41
69.427655 8.86
69.48019 5.09
69.53483 1.48
69.58385 -0.0100000000002
69.630845 0.0199999999986
69.67772 -0.0199999999986
69.724485 0.0
69.77146 0.0199999999986
69.8183 -0.0099999999984
69.864975 0.0099999999984
69.912205 0.0
69.959025 0.0100000000002
70.00582 -0.0199999999986
70.052845 0.0199999999986
70.099415 -0.639999999999
70.146195 -3.32
70.193115 -5.99
70.23996 -10.04
70.286935 -10.48
70.33394 -14.58
70.380715 -20.07
70.427685 -17.24
70.476455 -27.06
70.52313 -19.49
70.56831 -23.12
70.615135 -23.63
70.661885 -23.69
70.709285 -23.05
70.75611 -23.4
70.80244 -26.82
70.850685 -19.96
70.897705 -23.36
70.94341 -23.7
70.99028 -23.49
71.037005 -23.33
71.083735 -23.36
71.130655 -23.43
71.178305 -23.64
71.225155 -23.3
71.27225 -23.33
71.318995 -23.29
71.365195 -23.8
71.41222 -23.16
71.458875 -23.87
71.505625 -23.24
71.552575 -23.27
71.599525 -23.16
71.64634 -23.65
71.693265 -23.2
71.740215 -23.68
71.787145 -23.48
71.83417 -23.22
71.880815 -23.27
71.92744 -23.33
71.974395 -23.8
72.02127 -23.66
72.068185 -23.14
72.115335 -23.58
72.16206 -23.3
72.208885 -23.27
72.25601 -27.71
72.306755 -19.69
72.35338 -23.27
72.396295 -23.18
72.443245 -25.29
72.490265 -20.59
72.537145 -20.26
72.58366 -16.46
72.63063 -14.23
72.677585 -11.6
72.72446 -8.82
72.771405 -6.1
72.822125 -3.53
72.869845 -0.720000000001
72.91419 0.0100000000002
72.96012 0.0
73.00549 0.0
73.05264 -0.0100000000002
73.099835 -0.0099999999984
73.146685 0.0199999999986
73.193455 0.0
73.240035 0.0
73.28689 -0.0100000000002
73.333975 0.0
73.380715 0.0100000000002
73.427625 0.0
73.48045 0.32
73.535185 2.95
73.583995 5.64
73.63082 8.48
73.677795 11.39
73.72469 13.81
73.77154 16.82
73.818395 24.16
73.872955 25.65
73.93133 23.16
73.981995 23.46
74.025165 23.65
74.06827 23.4
74.123195 31.16
74.17836 23.59
74.22473 23.47
74.27173 23.42
74.318755 23.23
74.3652 23.27
74.412025 23.31
74.459 24.03
74.5059 23.33
74.5525 23.37
74.599575 23.25
74.65028 31.27
74.7051 23.71
74.75597 23.08
74.802435 23.44
74.85069 23.17
74.89789 23.49
74.94335 23.55
74.991 23.69
75.037945 23.42
75.083745 23.32
75.13057 23.23
75.17802 23.58
75.224895 23.62
75.27535 26.95
75.32215 19.75
75.36494 23.2
75.41199 23.3
75.45899 23.89
75.506085 23.59
75.552715 23.12
75.59928 23.54
75.646325 23.22
75.693315 23.41
75.740115 23.55
75.79056 27.18
75.837535 19.72
75.88083 22.74
75.927755 20.41
75.97461 17.31
76.021435 15.93
76.068385 12.28
76.11538 7.86
76.16205 6.59
76.20878 3.7
76.255655 1.18
76.30233 -0.0100000000002
76.349385 0.0100000000002
76.3965 -0.0100000000002
76.443125 0.0
76.48995 0.0100000000002
76.53699 0.0
76.583875 0.0
76.630905 0.0099999999984
76.6776 0.0
76.7242 -0.0099999999984
76.771225 0.0
76.818565 0.0099999999984
76.865725 0.0100000000002
76.912705 -0.0100000000002
76.95941 0.0
77.00577 0.0
77.05245 0.0100000000002
77.099375 -0.209999999999
77.146385 -3.41
77.193155 -4.73
77.23997 -8.66
77.28714 -10.66
77.333995 -13.91
77.38419 -16.75
77.430915 -22.49
77.480335 -26.67
77.53532 -23.63
77.58409 -23.38
77.63086 -23.81
77.677685 -23.67
77.72451 -23.08
77.77119 -23.07
77.818225 -24.93
77.86597 -21.99
77.914235 -23.76
77.96051 -23.27
78.0095 -23.28
78.059905 -23.57
78.106805 -23.14
78.150075 -24.31
78.19318 -27.71
78.24767 -30.42
78.306075 -19.1
78.35307 -24.72
78.39635 -22.42
78.4432 -25.02
78.49027 -21.8
78.537245 -23.72
78.58375 -23.17
78.63057 -23.52
78.6775 -23.82
78.7244 -22.77
78.77137 -23.5
78.81802 -24.71
78.864945 -22.28
78.91574 -23.3
78.962465 -23.57
79.00556 -23.19
79.052505 -23.61
79.099325 -23.25
79.146375 -24.16
79.19352 -27.59
79.248085 -26.33
79.302525 -23.46
79.349475 -23.45
79.39649 -23.75
79.44331 -24.99
79.490155 -21.28
79.53708 -20.57
79.58396 -17.26
79.63068 -14.83
79.677505 -12.06
79.72434 -9.62
79.771335 -6.62
79.81847 -4.19
79.86527 -1.19
79.91208 -0.0199999999986
79.958955 0.0099999999984
80.00563 0.0100000000002
80.05256 0.0
80.09947 0.0
80.14723 -0.0100000000002
80.19414 0.0200000000004
80.240035 -0.0100000000002
80.28682 -0.0100000000002
80.333805 0.0
80.380915 0.0100000000002
80.42772 0.0
80.47602 -0.0100000000002
80.52304 2.16
80.56867 4.87
80.6154 7.56
80.662 10.6
80.70929 13.15
80.756165 15.82
80.802585 18.51
80.850825 21.53
80.89801 23.38
80.943615 24.04
80.994005 23.22
81.04088 23.45
81.084085 23.49
81.134555 23.21
81.181855 23.72
81.224885 23.53
81.279275 30.85
81.334285 23.45
81.38101 23.9
81.427685 23.21
81.475955 23.5
81.525175 23.24
81.57085 23.1
81.615335 23.83
81.66199 23.33
81.709305 23.39
81.75601 23.47
81.80244 23.68
81.85071 23.08
81.90145 23.43
81.94697 23.59
81.99387 23.29
82.040895 27.06
82.083825 19.83
82.130495 23.19
82.17787 23.67
82.22467 23.5
82.27573 23.44
82.322875 23.24
82.365265 23.48
82.411895 23.36
82.45867 24.1
82.50572 23.13
82.552485 27.1
82.599385 19.36
82.646495 23.44
82.696965 23.45
82.743735 24.0
82.786895 22.89
82.83387 24.43
82.881075 22.97
82.92785 18.89
82.974385 17.51
83.021205 14.59
83.068005 11.58
83.11496 9.46
83.16191 6.4
83.208855 3.67
83.25566 1.0
83.302455 -0.0100000000002
83.34957 0.0100000000002
83.39637 0.0
83.443145 0.0099999999984
83.49006 -0.0099999999984
83.536965 0.0099999999984
83.583775 -0.0199999999986
83.630695 0.0199999999986
83.67755 0.0
83.72418 -0.0099999999984
83.77115 0.0199999999986
83.81841 -0.0100000000002
83.86538 0.0
83.91222 0.0
83.959085 -0.349999999999
84.005905 -2.91
84.05287 -5.7
84.099425 -8.73
84.146075 -11.31
84.19292 -13.86
84.23972 -19.95
84.29153 -23.48
84.34639 -23.23
84.396565 -23.32
84.44349 -25.73
84.490015 -21.84
84.536665 -23.46
84.58361 -22.87
84.630585 -23.62
84.677485 -23.73
84.724405 -23.21
84.771455 -23.44
84.818185 -24.84
84.86486 -22.12
84.91201 -23.12
84.95906 -24.53
85.005665 -22.68
85.05249 -23.36
85.09943 -23.46
85.146105 -23.87
85.193155 -22.59
85.240205 -24.52
85.286955 -22.66
85.33366 -23.51
85.380435 -26.88
85.4274 -19.79
85.47617 -23.32
85.52312 -23.74
85.56825 -26.96
85.61515 -20.1
85.661905 -22.87
85.70908 -23.46
85.75597 -23.44
85.802565 -23.66
85.85101 -23.51
85.89799 -23.11
85.943375 -23.53
85.98995 -23.2
86.036795 -23.53
86.083895 -23.88
86.13079 -26.95
86.17806 -19.8
86.22491 -23.27
86.27186 -23.43
86.31861 -23.5
86.36479 -22.15
86.411765 -19.29
86.45879 -15.88
86.50614 -13.89
86.552905 -10.96
86.59943 -8.32
86.646405 -5.58
86.69303 -2.85
86.73976 -0.460000000001
86.78676 0.0
86.83364 0.0
86.88075 -0.0200000000004
86.927775 0.0200000000004
86.974305 0.0100000000002
87.02102 -0.0399999999991
87.06813 0.0199999999986
87.121895 0.0
87.177155 0.0100000000002
87.22565 -0.0100000000002
87.27582 -0.0100000000002
87.32201 0.0100000000002
87.36496 -0.0100000000002
87.41211 1.3
87.459015 3.23
87.505595 6.33
87.552465 9.38
87.599595 11.77
87.64662 14.9
87.69332 17.45
87.739825 20.16
87.78677 22.9
87.83368 24.65
87.88058 23.65
87.927705 22.16
87.97458 23.65
88.021265 23.27
88.07171 23.45
88.11883 23.19
88.16206 23.28
88.208835 23.8
88.25576 23.39
88.306255 23.5
88.35303 23.38
88.396185 23.53
88.44313 29.34
88.49804 25.04
88.552605 23.5
88.59928 23.41
88.64615 23.51
88.6931 23.69
88.74005 23.16
88.786975 23.82
88.83401 22.81
88.88076 23.29
88.927575 23.63
88.974585 27.24
89.021295 19.88
89.067885 23.48
89.11872 23.12
89.16562 23.31
89.20875 23.85
89.255795 23.41
89.302395 23.38
89.34912 23.46
89.396145 23.15
89.443215 25.19
89.490215 21.88
89.537015 23.47
89.58366 23.48
89.630585 23.28
89.681405 23.61
89.72831 23.14
89.77139 23.44
89.81809 22.67
89.864965 17.33
89.91182 15.44
89.95877 13.9
90.005865 9.84
90.05264 8.67
90.099435 3.85
90.147035 2.21
90.19376 0.110000000001
90.24025 0.0
90.295765 0.0100000000002
90.35025 -0.0100000000002
90.396465 0.0100000000002
90.44312 0.0
90.490125 0.0099999999984
90.53713 -0.0099999999984
90.58394 0.0099999999984
90.63453 -0.0099999999984
90.6814 0.0099999999984
90.724465 -0.0099999999984
90.7716 0.0299999999988
90.81894 -2.01
90.86617 -4.37
90.9164 -7.45
90.96617 -10.26
91.00923 -13.06
91.052435 -15.63
91.099195 -18.36
91.14597 -21.65
91.19294 -23.33
91.239795 -24.55
91.286625 -22.59
91.33357 -23.35
91.38044 -23.27
91.42736 -23.8
91.47601 -23.24
91.523035 -23.67
91.56846 -23.2
91.61521 -23.45
91.661865 -23.35
91.709005 -23.28
91.755925 -23.56
91.802685 -23.73
91.850835 -23.27
91.897535 -23.29
91.943115 -23.48
91.99381 -23.35
92.04074 -23.79
92.08385 -23.38
92.130485 -23.47
92.17783 -23.2
92.2248 -23.36
92.271975 -23.54
92.31888 -23.6
92.364755 -23.32
92.41163 -26.74
92.46078 -19.79
92.507755 -27.52
92.5527 -19.62
92.599495 -23.29
92.64627 -27.2
92.69325 -19.49
92.74 -23.42
92.7867 -23.33
92.83375 -28.36
92.88063 -20.08
92.92758 -22.19
92.974605 -23.18
93.02118 -23.69
93.067995 -23.33
93.115195 -23.66
93.161895 -23.48
93.20852 -20.77
93.25562 -21.34
93.305885 -12.57
93.352805 -13.11
93.396445 -10.39
93.443275 -7.93
93.49024 -4.36
93.537165 -2.16
93.583815 -0.120000000001
93.630715 -0.0100000000002
93.677485 0.0
93.72421 0.0
93.777735 0.0100000000002
93.832675 0.0100000000002
93.880835 -0.0100000000002
93.927525 -0.0100000000002
93.974275 0.0
94.021225 0.0100000000002
94.06826 0.0
94.11523 -0.0200000000004
94.16215 0.0100000000002
94.208695 0.0100000000002
94.25537 -0.0100000000002
94.303395 0.26
94.35042 2.75
94.39615 5.5
94.44307 9.0
94.490145 12.36
94.53687 12.09
94.58372 16.46
94.630775 19.48
94.67758 22.14
94.72445 22.91
94.7714 24.05
94.818335 28.86
94.87669 25.87
94.93114 23.24
94.974145 23.29
95.021205 23.37
95.068325 23.54
95.115165 23.75
95.161745 23.29
95.20852 23.3
95.25542 23.87
95.302465 22.92
95.34926 23.44
95.395885 23.62
95.442805 29.38
95.49754 24.84
95.55245 23.63
95.5993 23.68
95.64615 23.39
95.693125 23.14
95.73995 23.63
95.78693 23.07
95.83381 23.75
95.88071 23.41
95.927655 23.35
95.974315 23.56
96.021065 23.29
96.06807 23.28
96.115175 23.73
96.162005 23.57
96.208775 23.41
96.255575 26.99
96.30592 19.5
96.35274 23.38
96.39606 23.59
96.442885 25.59
96.48995 21.43
96.53715 23.58
96.583965 23.01
96.630515 23.41
96.677135 23.8
96.724555 21.23
96.771735 18.28
96.81832 16.42
96.86502 12.52
96.91186 10.33
96.958635 7.62
97.005475 4.85
97.052425 2.17
97.099335 0.140000000001
97.14618 -0.0100000000002
97.192955 0.0100000000002
97.240065 0.0099999999984
97.287135 -0.0099999999984
97.333985 0.0
97.38078 0.0
97.42769 0.0
97.47762 0.0
97.524265 0.0099999999984
97.56838 0.0
97.615445 -0.0699999999997
97.661885 -2.37
97.71265 -5.08
97.759425 -8.14
97.802305 -11.0
97.85076 -13.4
97.89756 -17.53
97.94312 -17.46
97.989865 -21.79
98.03673 -24.16
98.08376 -23.07
98.13045 -23.61
98.17797 -23.14
98.22497 -23.56
98.27208 -23.72
98.319275 -23.4
98.36522 -23.08
98.41177 -23.51
98.45862 -31.54
98.51331 -23.19
98.568365 -23.38
98.61534 -23.45
98.66209 -23.24
98.709265 -23.91
98.75588 -23.26
98.802425 -23.53
98.85073 -23.3
98.89758 -23.29
98.943085 -23.51
98.993645 -23.67
99.04042 -23.29
99.083705 -23.54
99.13065 -22.97
99.177655 -23.49
99.22458 -23.6
99.2752 -26.85
99.322075 -20.02
99.36493 -23.38
99.411815 -23.23
99.458735 -23.65
99.505795 -23.27
99.55247 -23.58
99.60373 -23.39
99.650675 -23.49
99.692995 -23.23
99.739925 -23.51
99.786845 -23.7
99.83372 -23.5
99.880495 -23.47
99.92741 -23.21
99.97436 -26.96
100.02112 -18.69
100.068045 -20.24
100.11509 -16.89
100.16214 -14.0
100.208965 -11.47
100.25544 -10.07
100.30596 -5.07
100.353085 -3.37
100.39629 -0.83
100.446955 -0.0199999999986
100.501955 0.0099999999984
100.55276 0.0200000000004
100.602875 -0.0200000000004
100.65352 0.0
100.696815 0.0100000000002
100.73992 0.0
100.78671 0.0
100.833735 -0.0100000000002
100.88084 0.0
100.92752 0.0100000000002
100.9741 0.0
101.020955 0.0
101.068015 0.560000000001
101.115015 3.23
101.162005 5.94
101.208705 8.87
101.255415 11.47
101.30244 14.48
101.349275 17.22
101.396225 19.9
101.443025 24.08
101.49006 21.96
101.537065 23.31
101.583705 23.05
101.630675 23.78
101.677445 23.8
101.724265 23.11
101.77124 23.5
101.818195 24.52
101.864955 22.14
101.911685 23.51
101.95855 23.6
102.00534 29.92
102.060295 24.55
102.11519 23.89
102.161845 22.99
102.212155 23.52
102.25908 27.11
102.306055 23.17
102.356555 19.72
102.4 23.53
102.443075 25.28
102.48976 21.64
102.53661 23.38
102.583435 23.17
102.63045 23.84
102.67732 23.99
102.7242 22.54
102.77118 23.63
102.81818 24.82
102.866155 21.75
102.914255 24.3
102.96018 22.86
103.00579 23.44
103.05233 23.59
103.106935 31.26
103.16179 23.22
103.20881 23.51
103.255515 23.21
103.302415 23.21
103.349295 23.78
103.39804 23.4
103.44514 24.86
103.490245 19.06
103.54059 18.49
103.587365 14.85
103.630545 12.67
103.677405 10.06
103.72443 7.07
103.77118 4.3
103.81803 1.68
103.864715 0.0299999999988
103.91167 0.0
103.95864 0.0
104.009245 -0.0099999999984
104.0561 0.0199999999986
104.09906 0.0
104.14968 -0.0100000000002
104.19666 0.0
104.23987 0.0100000000002
104.28656 -0.0100000000002
104.333435 0.0
104.38039 0.0100000000002
104.42728 -0.0100000000002
104.4762 0.0100000000002
104.52319 -0.65
104.56844 -3.33
104.622275 -8.78
104.676765 -10.11
104.72448 -12.46
104.771605 -15.21
104.818975 -19.47
104.865525 -19.7
104.9119 -23.28
104.95875 -25.0
105.00937 -22.57
105.05622 -23.38
105.099195 -23.0
105.146295 -24.06
105.193225 -22.85
105.239715 -27.46
105.29083 -19.95
105.338035 -23.22
105.38062 -23.17
105.42747 -23.49
105.476075 -23.32
105.52275 -23.78
105.56828 -23.39
105.615325 -23.05
105.662065 -23.71
105.709205 -23.4
105.75575 -23.47
105.80224 -23.97
105.85089 -22.89
105.897925 -23.36
105.94327 -23.45
105.989985 -23.17
106.03659 -23.8
106.08359 -23.57
106.130765 -23.29
106.178155 -23.46
106.224785 -23.06
106.272015 -23.27
106.31898 -23.77
106.364825 -23.75
106.411875 -23.12
106.4589 -23.37
106.505925 -23.32
106.552625 -23.41
106.599165 -23.47
106.64599 -23.87
106.69285 -23.11
106.7399 -23.33
106.786935 -23.5
106.833855 -23.65
106.88064 -23.65
106.92722 -21.25
106.974045 -18.96
107.021085 -15.39
107.068135 -13.35
107.11519 -10.91
107.16203 -7.7
107.208755 -5.16
107.255665 -2.46
107.30284 -0.280000000001
107.34951 0.0
107.39607 0.0300000000007
107.442965 -0.0200000000004
107.490055 0.0
107.53689 -0.0100000000002
107.58369 0.0
107.630685 0.0100000000002
107.677295 -0.0100000000002
107.724225 -0.0100000000002
107.771115 0.0200000000004
107.81793 -0.0100000000002
107.86579 0.0
107.91407 -0.0100000000002
107.96001 0.0200000000004
108.005555 -0.0100000000002
108.05239 0.18
108.099215 3.19
108.146075 4.83
108.1927 7.92
108.239775 13.05
108.294965 16.73
108.349675 17.4
108.39627 20.13
108.44292 24.04
108.489895 21.96
108.53699 27.43
108.583795 19.32
108.630375 23.76
108.677045 23.85
108.724115 22.97
108.771165 23.46
108.81807 24.56
108.866915 22.45
108.91394 23.42
108.958745 23.32
109.005525 23.42
109.05243 23.46
109.102825 23.01
109.149845 24.22
109.192965 23.2
109.2396 24.01
109.286725 22.49
109.33374 23.37
109.380515 23.36
109.42744 23.56
109.475985 23.64
109.52266 23.39
109.567925 23.31
109.61487 23.41
109.66156 23.35
109.708785 23.46
109.75591 23.7
109.802785 27.13
109.851155 19.39
109.897665 23.49
109.94287 23.23
109.99093 23.81
110.037975 23.38
110.083605 23.67
110.13043 23.3
110.178125 23.05
110.2249 24.56
110.2718 22.45
110.318595 23.65
110.364795 23.15
110.411745 23.4
110.458585 22.44
110.50556 19.71
110.55254 16.89
110.599265 14.41
110.645915 11.01
110.69302 8.99
110.73997 5.96
110.78654 3.24
110.83333 0.67
110.89226 0.0
110.947105 0.0099999999984
110.99002 -0.0099999999984
111.03685 -0.0100000000002
111.08371 0.0100000000002
111.13065 0.0099999999984
111.17794 -0.0099999999984
111.22467 0.0099999999984
111.275235 -0.0099999999984
111.32209 0.0099999999984
111.364825 0.0
111.411725 0.0200000000004
111.458605 -0.0200000000004
111.50554 -0.259999999998
111.55245 -2.64
111.599235 -5.41
111.646085 -8.51
111.693185 -10.94
111.74368 -13.99
111.790425 -16.79
111.833565 -19.16
111.88049 -22.12
111.92831 -23.93
111.97514 -23.06
112.021205 -23.53
112.068205 -23.15
112.115055 -23.9
112.16175 -23.35
112.208395 -23.23
112.265105 -31.56
112.320045 -23.47
112.365125 -23.2
112.41195 -23.48
112.4587 -23.45
112.505625 -23.32
112.55241 -23.71
112.599035 -23.43
112.645995 -23.36
112.69314 -23.11
112.73996 -23.4
112.78661 -23.44
112.833465 -24.84
112.880315 -23.37
112.927235 -22.33
112.97475 -23.1
113.02155 -23.71
113.067975 -23.18
113.114925 -23.7
113.165275 -23.57
113.21218 -23.33
113.25551 -23.04
113.30218 -23.53
113.349135 -23.31
113.39617 -23.73
113.442915 -25.19
