59.25603 -0.0099999999984
59.302875 0.0
59.349545 0.0
59.39656 0.0099999999984
59.443585 0.0
59.49038 -0.0099999999984
59.53727 0.0099999999984
59.583975 -0.0199999999986
59.634675 0.0
59.681555 0.0199999999986
59.72448 0.0
59.771595 -0.0299999999988
59.818445 2.24
59.865195 4.54
59.91222 7.33
59.959195 11.05
60.014165 17.54
60.06877 16.61
60.115385 23.0
60.16206 18.98
60.208945 23.38
60.25959 33.14
60.314295 25.29
60.365265 19.73
60.412095 23.58
60.458975 23.12
60.505735 23.25
60.5526 23.63
60.603245 23.74
60.65035 23.31
60.693555 23.23
60.74021 23.49
60.78714 23.12
60.83406 23.79
60.880725 23.57
60.92752 23.47
60.978045 30.89
61.032935 23.64
61.08425 23.62
61.13102 23.15
61.178345 23.39
61.22523 23.28
61.27228 23.31
61.319095 23.81
61.365245 23.51
61.412095 23.2
61.45878 23.81
61.505825 22.93
61.55284 27.48
61.59972 19.64
61.646465 23.22
61.69311 23.61
61.74011 23.37
61.787215 23.24
61.83439 23.62
61.88115 23.46
61.927525 23.31
61.97444 23.49
62.021385 23.4
62.068255 23.28
62.11538 23.44
62.162175 23.56
62.20895 21.2
62.255975 18.38
62.30677 15.22
62.357265 13.24
62.40027 10.51
62.4436 7.66
62.490465 4.26
62.537015 1.97
62.5836 0.120000000001
62.63065 -0.0100000000002
62.6776 0.0199999999986
62.724655 -0.0199999999986
62.771805 0.0
62.818325 0.0
62.865695 0.0100000000002
62.91435 0.0
62.961005 0.0099999999984
63.00688 -0.0099999999984
63.05385 0.0099999999984
63.10014 0.0
63.146415 0.0
63.19322 -0.0099999999984
63.240245 0.0
63.29109 0.0
63.337915 0.0099999999984
63.380725 0.0100000000002
