   8.000    7.40000 
   8.100    7.40000 
   8.200    7.44000 
   8.300    7.50000 
   8.400    7.56400 
   8.500    7.62600 
   8.600    7.69100 
   8.700    7.75200 
   8.800    7.81300 
   8.900    7.87500 
   9.000    7.94000 
   9.100    8.00000 
   9.200    8.06100 
   9.300    8.12400 
   9.400    8.18500 
   9.500    8.24800 
   9.600    8.31000 
   9.700    8.37100 
   9.800    8.43400 
   9.900    8.49500 
  10.000    8.56000 
  10.100    8.61900 
  10.200    8.68000 
  10.300    8.74400 
  10.400    8.80400 
  10.500    8.86700 
  10.600    8.92800 
  10.700    8.98800 
  10.800    9.05300 
  10.900    9.11600 
  11.000    9.17800 
  11.100    9.24000 
  11.200    9.30200 
  11.300    9.36400 
  11.400    9.42700 
  11.500    9.49100 
  11.600    9.55300 
  11.700    9.61800 
  11.800    9.67900 
  11.900    9.74100 
  12.000    9.80400 
  12.100    9.87100 
  12.200    9.93300 
  12.300    9.99900 
  12.400   10.06400 
  12.500   10.12500 
  12.600   10.18900 
  12.700   10.25700 
  12.800   10.32000 
  12.900   10.38400 
  13.000   10.45000 
  13.100   10.51500 
  13.200   10.58200 
  13.300   10.64700 
  13.400   10.71300 
  13.500   10.78200 
  13.600   10.84800 
  13.700   10.91600 
  13.800   10.98400 
  13.900   11.05300 
  14.000   11.12000 
  14.100   11.18900 
  14.200   11.26000 
  14.300   11.32800 
  14.400   11.39700 
  14.500   11.46900 
  14.600   11.54000 
  14.700   11.60900 
  14.800   11.68300 
  14.900   11.75600 
  15.000   11.83000 
  15.100   11.90000 
  15.200   11.97400 
  15.300   12.04600 
  15.400   12.12100 
  15.500   12.19900 
  15.600   12.27400 
  15.700   12.34900 
  15.800   12.42600 
  15.900   12.50100 
  16.000   12.58200 
  16.100   12.66200 
  16.200   12.74400 
  16.300   12.82300 
  16.400   12.90400 
  16.500   12.98200 
  16.600   13.06800 
  16.700   13.15000 
  16.800   13.23700 
  16.900   13.32200 
  17.000   13.41000 
  17.100   13.50000 
  17.200   13.58400 
  17.300   13.67400 
  17.400   13.76300 
  17.500   13.85700 
  17.600   13.94900 
  17.700   14.04500 
  17.800   14.14100 
  17.900   14.23900 
  18.000   14.33500 
  18.100   14.43500 
  18.200   14.53900 
  18.300   14.64000 
  18.400   14.74600 
  18.500   14.85100 
  18.600   14.96500 
  18.700   15.07300 
  18.800   15.18400 
  18.900   15.29700 
  19.000   15.42000 
  19.100   15.53000 
  19.200   15.65800 
  19.300   15.77600 
  19.400   15.90100 
  19.500   16.03000 
  19.600   16.17300 
  19.700   16.30400 
  19.800   16.44300 
  19.900   16.58900 
  20.000   16.68900 
  20.100   16.78900 
  20.200   16.88900 
  20.300   16.98900 
  20.400   17.08900 
  20.500   17.18900 
