   8.500    9.19800 
   8.600    9.27800 
   8.700    9.36100 
   8.800    9.44100 
   8.900    9.52200 
   9.000    9.60400 
   9.100    9.68500 
   9.200    9.76800 
   9.300    9.84900 
   9.400    9.93400 
   9.500   10.01800 
   9.600   10.10000 
   9.700   10.18400 
   9.800   10.26800 
   9.900   10.35200 
  10.000   10.43800
  10.100   10.52400 
  10.200   10.60900 
  10.300   10.69400
  10.400   10.78000 
  10.500   10.86700 
  10.600   10.95400 
  10.700   11.04200 
  10.800   11.13300 
  10.900   11.22400 
  11.000   11.31000 
  11.100   11.40500 
  11.200   11.49700 
  11.300   11.58400 
  11.400   11.67900 
  11.500   11.77300 
  11.600   11.86800 
  11.700   11.96200 
  11.800   12.06000 
  11.900   12.15800 
  12.000   12.25500 
  12.100   12.35400 
  12.200   12.45300 
  12.300   12.55400 
  12.400   12.65700 
  12.500   12.76100 
  12.600   12.86700 
  12.700   12.97500 
  12.800   13.07900 
  12.900   13.19000 
  13.000   13.30100 
  13.100   13.41600 
  13.200   13.52300 
  13.300   13.63700 
  13.400   13.76400 
  13.500   13.87800 
  13.600   14.00100 
  13.700   14.12800 
  13.800   14.24700 
  13.900   14.38100 
  14.000   14.51600 
  14.100   14.64800 
  14.200   14.77800 
  14.300   14.92500 
  14.400   15.06100 
  14.500   15.21700 
  14.600   15.35800 
  14.700   15.50900 
  14.800   15.67200 
  14.900   15.83400 
  15.000   15.99900 
  15.100   16.17800 
  15.200   16.34900 
  15.300   16.53800 
  15.400   16.71900 
  15.500   16.91900 
  15.600   17.12200 
  15.700   17.33300 
  15.800   17.55100 
  15.900   17.77900 
  16.000   18.01900 
  16.100   18.27200 
  16.200   18.53900 
  16.300   18.82200 
  16.400   19.11900 
  16.500   19.42200 
  16.600   19.78500 
  16.700   20.14600 
  16.800   20.55000 
  16.900   20.99200 
  17.000   21.45000 
  17.100   21.79000 
  17.200   21.87400 
  17.300   21.96400 
  17.400   22.05300 
  17.500   22.16500 
  17.600   22.24600 
  17.700   22.28500 
  17.800   22.35300 
  17.900   22.42700 
  18.000   22.12500
