reading MTPC05-04-multi_001_001800.cbf as minicbf
TYPE= <type 'numpy.ndarray'> (2463, 2527)
828 2217 39
866 2253 22
869 2172 34
870 2196 31
870 2197 32
871 2132 33
900 291 33
911 2073 22
923 1327 24
923 1328 24
941 2406 21
945 2275 21
947 2078 24
947 2079 31
951 1771 64
956 1508 29
960 1200 27
960 1201 24
964 1068 68
964 1069 117
964 1070 29
966 873 51
970 566 89
975 301 29
975 302 90
975 303 26
978 2522 39
978 2523 25
983 2343 24
983 2344 21
984 2278 41
984 2279 215
984 2280 80
987 1952 22
988 1887 22
988 1888 51
995 1597 59
995 1598 22
996 1533 40
997 1317 39
1005 1094 47
1005 1095 30
1007 851 77
1007 852 35
1009 741 46
1012 632 224
1012 633 173
1012 634 52
1013 370 306
1013 371 421
1014 306 49
1014 307 26
1014 456 69
1034 1450 70
1037 1353 28
1038 1144 45
1039 1080 101
1043 879 34
1043 962 47
1043 963 88
1044 899 36
1045 1134 45
1054 280 47
1054 281 65
1054 459 23
1054 460 39
1054 461 25
1055 216 100
1055 217 74
1062 2153 66
1064 2125 21
1064 2238 75
1064 2239 30
1067 2016 21
1068 1951 65
1068 1952 69
1069 1839 38
1069 1840 36
1069 1841 34
1070 1775 29
1070 1776 21
1071 1478 144
1072 1414 118
1073 1106 31
1073 1765 25
1073 1766 27
1074 1042 29
1075 1277 41
1076 1213 41
1079 1368 25
1080 907 38
1085 969 38
1085 970 141
1085 971 36
1087 426 45
1087 427 54
1088 363 22
1091 572 31
1092 508 61
1092 2496 31
1092 2497 91
1095 24 654
1095 25 38
1095 107 45
1095 2429 43
1098 110 21
1102 2187 22
1107 1840 85
1107 1841 155
1107 1842 25
1107 1953 23
1108 1776 67
1108 1777 75
1110 1228 34
1110 1666 24
1112 1554 62
1112 1555 246
1112 1556 37
1113 1491 21
1115 1665 25
1119 658 31
1123 624 155
1124 560 191
1124 561 24
1127 217 33
1127 218 32
1136 2331 39
1136 2413 105
1136 2414 60
1137 2267 174
1137 2268 48
1137 2349 117
1137 2350 37
1138 2100 37
1139 2036 38
1140 2188 21
1140 2189 23
1142 1899 28
1145 1580 68
1146 1555 55
1151 1555 23
1151 1556 84
1155 1398 35
1158 966 44
1158 967 534
1158 1240 36
1161 1001 26
1163 377 33
1163 525 21
1164 249 22
1164 841 23
1164 842 65
1164 843 36
1165 185 72
1171 91 31
1171 92 51
1171 173 65
1171 174 21
1174 2476 25
1174 2477 25
1181 1936 2132
1181 1937 300
1181 2128 42
1181 2129 68
1182 2017 244
1182 2018 182
1192 1135 195
1192 1136 32
1195 1078 116
1208 46 59
1208 47 22
1208 365 55
1210 285 113
1210 286 54
1213 63 78
1213 64 25
1213 2526 88
1214 0 22
1217 1993 70
1217 1994 61
1217 2112 573
1217 2113 183
1218 1929 41
1218 1930 46
1218 2048 101
1219 1984 39
1240 746 106
1240 747 185
1240 748 93
1242 811 23
1242 812 43
1242 813 21
1243 444 30
1243 747 24
1243 748 55
1243 749 47
1244 380 24
1252 2141 23
1252 2180 29
1256 2319 21
1257 2066 250
1258 2002 885
1262 1780 26
1263 1716 88
1264 1764 27
1265 1605 819
1265 1700 29
1269 1238 29
1269 1239 26
1271 914 31
1271 915 24
1271 953 34
1271 1111 67
1274 1208 32
1275 1144 78
1275 1145 43
1284 334 24
1284 335 46
1286 224 55
1289 2253 35
1289 2254 32
1290 2 201
1290 3 49
1290 2510 36
1297 1922 23
1298 1738 223
1298 1739 607
1299 1674 143
1299 1675 285
1303 1768 28
1308 1027 42
1308 1028 45
1308 1444 78
1308 1445 155
1308 1446 31
1309 925 35
1309 1057 60
1309 1380 346
1309 1381 689
1309 1382 180
1314 1000 26
1317 512 47
1317 513 94
1318 448 52
1318 449 53
1322 603 32
1322 604 24
1323 539 23
1326 2329 31
1330 46 48
1330 2509 22
1332 2208 70
1332 2350 23
1337 1740 350
1337 1741 104
1337 1969 36
1346 1132 33
1351 1174 194
1351 1175 28
1352 1110 69
1352 1111 39
1356 420 21
1356 421 44
1356 422 28
1356 514 21
1357 207 23
1359 521 28
1359 522 57
1362 218 132
1362 219 73
1362 608 49
1363 154 89
1363 155 29
1364 2433 58
1364 2434 41
1367 273 41
1372 2302 296
1372 2303 118
1373 2238 135
1373 2239 176
1379 1671 26
1379 1761 75
1380 1697 87
1380 1698 27
1387 1023 75
1387 1024 24
1397 680 61
1400 230 44
1400 231 47
1401 314 21
1401 362 51
1402 250 25
1402 298 119
1405 2269 53
1405 2270 75
1420 1600 21
1421 1357 24
1421 1358 33
1422 1441 21
1428 860 87
1428 861 29
1449 1987 63
1458 1565 26
1459 1315 25
1459 1598 37
1461 1439 45
1467 910 27
1472 522 28
1472 523 48
1475 629 40
1476 565 35
1478 276 66
1481 2377 33
1513 793 25
1516 450 21
1516 451 21
1524 2189 24
1524 2190 35
1527 2015 30
1527 2016 29
1529 1802 38
1554 363 34
