     0.00000    220.00000   -185.00000      0.0
     0.00000    220.00000   -155.00000      0.2
     0.00000    220.00000   -125.00000      0.4
     0.00000    220.00000    -95.00000      0.6
     0.00000    220.00000    -65.00000      0.8
     0.00000    220.00000    -35.00000      1.0
     0.00000    190.00000   -184.99671      1.2
     0.00000    190.00000   -154.99013      1.4
     0.00000    190.00000   -124.98355      1.6
     0.00000    190.00000    -94.97697      1.8
     0.00000    190.00000    -64.97039      2.0
     0.00000    190.00000    -34.96380      2.2
     0.00000    160.00000   -184.98683      2.4
     0.00000    160.00000   -154.96049      2.6
     0.00000    160.00000   -124.93415      2.8
     0.00000    160.00000    -94.90782      3.0
     0.00000    160.00000    -64.88148      3.2
     0.00000    160.00000    -34.85514      3.4
     0.00000    130.00000   -184.97034      3.6
     0.00000    130.00000   -154.91103      3.8
     0.00000    130.00000   -124.85171      4.0
     0.00000    130.00000    -94.79240      4.2
     0.00000    130.00000    -64.73308      4.4
     0.00000    130.00000    -34.67377      4.6
     0.00000    100.00000   -184.94721      4.8
     0.00000    100.00000   -154.84162      5.0
     0.00000    100.00000   -124.73604      5.2
     0.00000    100.00000    -94.63045      5.4
     0.00000    100.00000    -64.52487      5.6
     0.00000    100.00000    -34.41929      5.8
     0.00000     70.00000   -184.91738      6.0
     0.00000     70.00000   -154.75213      6.2
     0.00000     70.00000   -124.58688      6.4
     0.00000     70.00000    -94.42163      6.6
     0.00000     70.00000    -64.25638      6.8
     0.00000     70.00000    -34.09113      7.0
     0.00000     40.00000   -184.88078      7.2
     0.00000     40.00000   -154.64234      7.4
     0.00000     40.00000   -124.40390      7.6
     0.00000     40.00000    -94.16546      7.8
     0.00000     40.00000    -63.92702      8.0
     0.00000     40.00000    -33.68858      8.2
     0.00000     10.00000   -184.83734      8.4
     0.00000     10.00000   -154.51202      8.6
     0.00000     10.00000   -124.18670      8.8
     0.00000     10.00000    -93.86138      9.0
     0.00000     10.00000    -63.53606      9.2
     0.00000     10.00000    -33.21074      9.4
     0.00000    -20.00000   -184.78696      9.6
     0.00000    -20.00000   -154.36087      9.8
     0.00000    -20.00000   -123.93479     10.0
     0.00000    -20.00000    -93.50870     10.2
     0.00000    -20.00000    -63.08261     10.4
     0.00000    -20.00000    -32.65653     10.6
     0.00000    -50.00000   -184.72952     10.8
     0.00000    -50.00000   -154.18855     11.0
     0.00000    -50.00000   -123.64759     11.2
     0.00000    -50.00000    -93.10662     11.4
     0.00000    -50.00000    -62.56566     11.6
     0.00000    -50.00000    -32.02470     11.8
     0.00000    -80.00000   -184.66489     12.0
     0.00000    -80.00000   -153.99467     12.2
     0.00000    -80.00000   -123.32446     12.4
     0.00000    -80.00000    -92.65424     12.6
     0.00000    -80.00000    -61.98402     12.8
     0.00000    -80.00000    -31.31380     13.0
     0.00000   -110.00000   -184.59293     13.2
     0.00000   -110.00000   -153.77878     13.4
     0.00000   -110.00000   -122.96464     13.6
     0.00000   -110.00000    -92.15050     13.8
     0.00000   -110.00000    -61.33635     14.0
     0.00000   -110.00000    -30.52221     14.2
     0.00000   -140.00000   -184.51346     14.4
     0.00000   -140.00000   -153.54039     14.6
     0.00000   -140.00000   -122.56731     14.8
     0.00000   -140.00000    -91.59423     15.0
     0.00000   -140.00000    -60.62116     15.2
     0.00000   -140.00000    -29.64808     15.4
     0.00000   -170.00000   -184.42631     15.6
     0.00000   -170.00000   -153.27892     15.8
     0.00000   -170.00000   -122.13153     16.0
     0.00000   -170.00000    -90.98414     16.2
     0.00000   -170.00000    -59.83675     16.4
     0.00000   -170.00000    -28.68936     16.6
     0.00000   -200.00000   -184.33125     16.8
     0.00000   -200.00000   -152.99375     17.0
     0.00000   -200.00000   -121.65625     17.2
     0.00000   -200.00000    -90.31875     17.4
     0.00000   -200.00000    -58.98125     17.6
     0.00000   -200.00000    -27.64375     17.8
     0.00000   -230.00000   -184.22807     18.0
     0.00000   -230.00000   -152.68420     18.2
     0.00000   -230.00000   -121.14033     18.4
     0.00000   -230.00000    -89.59647     18.6
     0.00000   -230.00000    -58.05260     18.8
     0.00000   -230.00000    -26.50873     19.0
