[array([ 3.5,  3.5, -0.6]), array([ 3.5, -3.5, -0.6]), array([-3.5,  3.5, -0.6]), array([-3.5, -3.5, -0.6])]
[  6.5 -46.5   0. ]
 8.00000 -45.00000 -0.90000
 8.00000 -48.00000 -0.90000
 5.00000 -45.00000 -0.90000
 5.00000 -48.00000 -0.90000

 9.25000 -43.75000 -0.80000
 9.25000 -49.25000 -0.80000
 3.75000 -43.75000 -0.80000
 3.75000 -49.25000 -0.80000

10.00000 -43.00000 -0.60000
10.00000 -50.00000 -0.60000
 3.00000 -43.00000 -0.60000
 3.00000 -50.00000 -0.60000

10.25000 -42.75000 -0.90000
10.25000 -50.25000 -0.90000
 2.75000 -42.75000 -0.90000
 2.75000 -50.25000 -0.90000
