155
155
155
159
154
153
159
157
159
162
157
153
155
155
161
163
155
151
156
153
156
157
155
162
157
161
153
151
161
168
159
154
154
151
154
157
156
148
146
155
153
149
146
148
149
149
138
138
137
137
131
133
126
120
108
102
101
100
89
90
85
79
70
67
64
63
63
63
60
65
60
58
58
59
59
60
59
58
56
55
52
54
52
51
52
55
50
50
51
50
50
50
49
52
51
50
51
49
49
50
48
48
49
50
47
48
44
46
47
48
46
45
48
50
47
48
47
45
46
47
47
47
45
50
47
49
45
45
45
44
46
49
46
47
46
45
45
45
45
47
45
46
46
46
44
47
45
42
45
45
46
45
45
47
48
50
45
41
43
49
45
45
46
47
48
50
47
48
46
46
47
45
45
45
45
49
47
46
47
49
49
49
48
49
47
50
51
51
51
54
52
54
53
53
52
53
54
56
55
56
57
60
60
62
64
66
63
62
67
77
73
77
80
83
85
87
89
98
93
95
95
95
103
104
104
112
109
110
112
121
121
119
118
121
119
122
118
122
123
123
126
130
128
128
127
128
126
131
130
135
131
127
127
132
127
134
132
134
131
131
129
132
128
133
126
123
128
133
130
123
126
126
125
122
127
126
124
125
120
119
119
118
120
121
116
117
116
116
110
111
108
106
104
107
102
102
96
100
96
93
94
90
90
87
89
87
86
88
87
84
85
90
89
87
89
95
94
94
95
104
99
100
102
108
112
113
113
117
117
120
119
118
122
129
125
125
123
131
130
132
128
133
136
138
137
137
136
139
136
137
138
138
138
140
140
138
141
143
139
142
141
139
141
140
140
144
142
149
144
140
144
145
140
145
142
146
144
146
146
146
144
145
144
149
142
144
140
148
148
146
145
146
144
144
145
142
140
143
147
145
145
144
144
138
135
143
143
144
145
145
143
143
137
135
143
139
136
137
141
145
145
149
138
135
139
143
139
136
140
145
140
144
145
147
145
147
139
144
146
153
150
153
146
144
144
144
144
152
149
150
143
145
148
150
146
152
147
149
155
154
146
144
144
146
150
150
149
150
145
144
141
152
150
153
145
148
146
148
148
148
