   8.300    7.50100
   8.400    7.56400
   8.500    7.62700
   8.600    7.69100
   8.700    7.75200
   8.800    7.81500
   8.900    7.87700
   9.000    7.94000
   9.100    8.00200
   9.200    8.06500
   9.300    8.12600
   9.400    8.18800
   9.500    8.25100
   9.600    8.31300
   9.700    8.37500
   9.800    8.43800
   9.900    8.49900
  10.000    8.56100
  10.100    8.62400
  10.200    8.68500
  10.300    8.74700
  10.400    8.81000
  10.500    8.87100
  10.600    8.93500
  10.700    8.99600
  10.800    9.05900
  10.900    9.12100
  11.000    9.18400
  11.100    9.24700
  11.200    9.31000
  11.300    9.37300
  11.400    9.43600
  11.500    9.50000
  11.600    9.56300
  11.700    9.62600
  11.800    9.69000
  11.900    9.75300
  12.000    9.81700
  12.100    9.88100
  12.200    9.94600
  12.300   10.01000
  12.400   10.07500
  12.500   10.14000
  12.600   10.20400
  12.700   10.26800
  12.800   10.33500
  12.900   10.40000
  13.000   10.46500
  13.100   10.52900
  13.200   10.59700
  13.300   10.66300
  13.400   10.73000
  13.500   10.79700
  13.600   10.86500
  13.700   10.93300
  13.800   11.00000
  13.900   11.06800
  14.000   11.13800
  14.100   11.20600
  14.200   11.27700
  14.300   11.34600
  14.400   11.41500
  14.500   11.48800
  14.600   11.55800
  14.700   11.63000
  14.800   11.70100
  14.900   11.77300
  15.000   11.84700
  15.100   11.92100
  15.200   11.99400
  15.300   12.06800
  15.400   12.14400
  15.500   12.22000
  15.600   12.29500
  15.700   12.37200
  15.800   12.45000
  15.900   12.52800
  16.000   12.60600
  16.100   12.68500
  16.200   12.76500
  16.300   12.84700
  16.400   12.92900
  16.500   13.01100
  16.600   13.09500
  16.700   13.17900
  16.800   13.26500
  16.900   13.35200
  17.000   13.44000
  17.100   13.52800
  17.200   13.61800
  17.300   13.70700
  17.400   13.79900
  17.500   13.89200
  17.600   13.98600
  17.700   14.08100
  17.800   14.17900
  17.900   14.27700
  18.000   14.37700
  18.100   14.47800
  18.200   14.58000
  18.300   14.68400
  18.400   14.79100
  18.500   14.89900
  18.600   15.00800
  18.700   15.12100
  18.800   15.23300
  18.900   15.35000
  19.000   15.46800
  19.100   15.58800
  19.200   15.71200
  19.300   15.83600
  19.400   15.96600
  19.500   16.09700
  19.600   16.23200
  19.700   16.36900
  19.800   16.51300
  19.900   16.65700
  20.000   16.80800
  20.100   16.96000
  20.200   17.11900
  20.300   17.28100
