   8.300    7.48700
   8.400    7.55000
   8.500    7.61200
   8.600    7.67500
   8.700    7.73700
   8.800    7.79800
   8.900    7.86200
   9.000    7.92300
   9.100    7.98500
   9.200    8.04700
   9.300    8.10900
   9.400    8.17000
   9.500    8.23200
   9.600    8.29500
   9.700    8.35600
   9.800    8.41900
   9.900    8.48000
  10.000    8.54100
  10.100    8.60400
  10.200    8.66600
  10.300    8.72700
  10.400    8.78900
  10.500    8.85100
  10.600    8.91300
  10.700    8.97400
  10.800    9.03700
  10.900    9.09800
  11.000    9.16000
  11.100    9.22400
  11.200    9.28600
  11.300    9.34800
  11.400    9.41000
  11.500    9.47300
  11.600    9.53600
  11.700    9.60000
  11.800    9.66200
  11.900    9.72500
  12.000    9.78900
  12.100    9.85200
  12.200    9.91600
  12.300    9.97900
  12.400   10.04400
  12.500   10.11000
  12.600   10.17200
  12.700   10.23700
  12.800   10.30200
  12.900   10.36800
  13.000   10.43200
  13.100   10.49700
  13.200   10.56300
  13.300   10.62800
  13.400   10.69600
  13.500   10.76200
  13.600   10.82800
  13.700   10.89700
  13.800   10.96400
  13.900   11.03200
  14.000   11.09900
  14.100   11.16900
  14.200   11.23800
  14.300   11.30600
  14.400   11.37600
  14.500   11.44600
  14.600   11.52000
  14.700   11.59100
  14.800   11.66100
  14.900   11.73200
  15.000   11.80800
  15.100   11.88000
  15.200   11.95100
  15.300   12.02600
  15.400   12.10000
  15.500   12.17600
  15.600   12.24900
  15.700   12.32800
  15.800   12.40600
  15.900   12.48400
  16.000   12.55900
  16.100   12.63700
  16.200   12.72000
  16.300   12.79600
  16.400   12.88200
  16.500   12.96200
  16.600   13.04300
  16.700   13.12900
  16.800   13.21600
  16.900   13.29900
  17.000   13.38600
  17.100   13.47300
  17.200   13.56300
  17.300   13.64700
  17.400   13.73900
  17.500   13.83400
  17.600   13.92700
  17.700   14.01800
  17.800   14.12000
  17.900   14.21100
  18.000   14.31500
  18.100   14.41000
  18.200   14.51000
  18.300   14.61200
  18.400   14.71700
  18.500   14.82700
  18.600   14.93500
  18.700   15.04900
  18.800   15.15400
  18.900   15.26800
  19.000   15.38500
  19.100   15.50500
  19.200   15.62400
  19.300   15.74600
  19.400   15.87200
  19.500   16.00600
  19.600   16.12400
  19.700   16.26700
  19.800   16.41700
  19.900   16.55000
  20.000   16.70500
  20.100   16.84900
  20.200   16.99800
  20.300   17.16000
