   8.300    7.47400
   8.400    7.53600
   8.500    7.59800
   8.600    7.66000
   8.700    7.72300
   8.800    7.78500
   8.900    7.84700
   9.000    7.90900
   9.100    7.97000
   9.200    8.03200
   9.300    8.09400
   9.400    8.15600
   9.500    8.21700
   9.600    8.27900
   9.700    8.34100
   9.800    8.40200
   9.900    8.46400
  10.000    8.52500
  10.100    8.58700
  10.200    8.64800
  10.300    8.71000
  10.400    8.77100
  10.500    8.83300
  10.600    8.89400
  10.700    8.95600
  10.800    9.01800
  10.900    9.08000
  11.000    9.14100
  11.100    9.20400
  11.200    9.26600
  11.300    9.32800
  11.400    9.39000
  11.500    9.45300
  11.600    9.51500
  11.700    9.57800
  11.800    9.64000
  11.900    9.70300
  12.000    9.76600
  12.100    9.82900
  12.200    9.89300
  12.300    9.95700
  12.400   10.02000
  12.500   10.08400
  12.600   10.14800
  12.700   10.21200
  12.800   10.27600
  12.900   10.34100
  13.000   10.40700
  13.100   10.47100
  13.200   10.53700
  13.300   10.60100
  13.400   10.66800
  13.500   10.73400
  13.600   10.80100
  13.700   10.86800
  13.800   10.93500
  13.900   11.00400
  14.000   11.07100
  14.100   11.14000
  14.200   11.20900
  14.300   11.27800
  14.400   11.34800
  14.500   11.41800
  14.600   11.48800
  14.700   11.55800
  14.800   11.63000
  14.900   11.70200
  15.000   11.77400
  15.100   11.84700
  15.200   11.92000
  15.300   11.99400
  15.400   12.06800
  15.500   12.14200
  15.600   12.21800
  15.700   12.29400
  15.800   12.37000
  15.900   12.44600
  16.000   12.52500
  16.100   12.60400
  16.200   12.68300
  16.300   12.76200
  16.400   12.84300
  16.500   12.92400
  16.600   13.00700
  16.700   13.08900
  16.800   13.17300
  16.900   13.25900
  17.000   13.34500
  17.100   13.43000
  17.200   13.51800
  17.300   13.60800
  17.400   13.69900
  17.500   13.78900
  17.600   13.88000
  17.700   13.97300
  17.800   14.06800
  17.900   14.16600
  18.000   14.26300
  18.100   14.36100
  18.200   14.46200
  18.300   14.56400
  18.400   14.66700
  18.500   14.77200
  18.600   14.87900
  18.700   14.98800
  18.800   15.09800
  18.900   15.21200
  19.000   15.32700
  19.100   15.44400
  19.200   15.56300
  19.300   15.68500
  19.400   15.81000
  19.500   15.93600
  19.600   16.06700
  19.700   16.20000
  19.800   16.33500
  19.900   16.47600
  20.000   16.62000
  20.100   16.76700
  20.200   16.91700
  20.300   17.07400
